1.359030691208861219e-01;1.090095804338359065e-01;-2.190210957442514372e-01;-3.096514778692523451e-01;2.397812620837047604e-02;7.123006607402766754e-02;-1.084069613656731684e-01;6.177896358689929229e-02;1.483249695941443562e-02;2.061853925053042935e-01;2.757209821028183683e-01;-4.183578747103895712e-02;1.873362329484842270e-01;1.042247913657209923e-01;1.441641732491153460e-01;2.659824668364720313e-01;1.363059861616867652e-01;-3.436829980392863693e-02;6.792589243647891017e-02;5.142524569362093984e-02;7.060400714134955347e-02;-5.214523630150605937e-01;-3.867014559815376562e-01;-3.051700315737419511e-01
-1.653847522545595888e-04;2.354118792859429248e-04;7.744803332000774719e-04;7.048948207500556644e-04;-3.488327880988167668e-04;-1.950979970248808201e-04;9.655570155702343906e-05;-1.298490861911528928e-03;1.550064994157861507e-05;-3.854281562448761919e-04;2.343817899261669082e-04;5.027366428463872798e-04;8.490276187909135026e-04;7.018145522115977778e-04;3.873673821505905840e-04;-6.902718699890152685e-05;-6.978575766277280423e-06;8.640647393983670772e-04;4.492819977429536832e-04;-7.079898118959755942e-04;-1.143371088826594531e-03;6.605476671025500022e-04;-8.285240443033495879e-04;-1.326940511578451453e-03
5.103880849421104510e-02;-7.264963532101541277e-02;-2.390096473664199417e-01;-2.175351125961831888e-01;1.076520595109610595e-01;6.020851697490313403e-02;-2.979771067725171113e-02;4.007226955138266655e-01;-4.783607860465814536e-03;1.189456085391542572e-01;-7.233173587528740622e-02;-1.551477836948056133e-01;-2.620154234180995245e-01;-2.165845161261534813e-01;-1.195440852140848692e-01;2.130223742043275276e-02;2.153626862824734901e-03;-2.666559793632398145e-01;-1.386513395499772983e-01;2.184902505894752156e-01;3.528517347954223116e-01;-2.038492893136712725e-01;2.556878898223002849e-01;4.095024378531432196e-01
-8.637273103598298862e-02;1.306268139178762278e-01;6.231817876762162783e-02;-4.343395883772750189e-03;-1.415668447249068471e-02;-3.074733108698033401e-01;-1.394015398930709693e-01;-1.493938973894111573e-02;1.324579263284444697e-01;7.946697373247433305e-01;-2.389654929381159199e-01;-1.536619528288431791e-01;-1.471508720007611570e-01;-6.436391047135819887e-02;5.729132288107515597e-02;-3.361230582465245253e-02;1.280077149014418880e-01;1.222767078677176461e-01;1.163727265307162341e-02;-1.824982762032109906e-01;-1.572023265310880380e-01;7.499290389751692154e-02;-1.376428768593851437e-02;4.362789783852150105e-02
4.654144391988197685e-04;-1.102931325767835397e-01;1.520655883112291204e-02;-3.546787071955262438e-02;6.572877388442138757e-02;5.821470961217488638e-01;3.343017748010113782e-02;-2.045259056654413488e-01;-2.142902869735409666e-01;3.231676604960586618e-01;-1.633539514575783336e-01;-3.185066007237730666e-03;-1.510962639175476574e-01;1.449337049347421413e-01;-5.830462248358660171e-02;-9.486413521760231338e-02;-2.982263057224015523e-01;1.437541912053346971e-01;-1.968529327046601163e-01;8.432236971382858770e-02;3.364773574086781238e-01;1.687997426447554461e-01;-1.522259401273109714e-01;-2.157466335867471163e-01
-1.443541065088401257e-02;-1.335886915061598908e-02;-3.718763567800422720e-01;3.738447285859242131e-01;1.121890961704459294e-03;3.302007249135574529e-01;-1.537907763745401946e-01;-3.058170960577900055e-01;2.702326884746525937e-01;7.576928408079115773e-02;2.661059943758912333e-02;2.485580653318247846e-01;-8.852657002839318945e-02;-1.103313049989809169e-01;-3.740574385742791996e-01;8.325909595265798546e-02;2.761761012742210419e-01;-1.292583718038485367e-02;-5.257684344895952044e-02;7.037328494871568363e-02;-2.421627954855719578e-01;-1.520063392172139316e-01;-9.983917829410158748e-03;1.457030918154281207e-01
4.662541391843887800e-02;4.206918937290034938e-02;3.392293894278082533e-02;-1.487342417587648458e-01;5.758859187546216951e-02;1.072125682553001502e-01;1.592510066400512625e-01;1.264633984451491722e-01;-6.631822224590666615e-02;-2.269399794966647510e-01;-6.097144500292911440e-01;1.971688661569817314e-01;-1.232098734416805647e-01;-1.388469857632745330e-01;1.495935822632785683e-01;1.429580129677796851e-01;5.333879853534507776e-01;1.355923323137282199e-01;-9.217428886834722057e-02;-1.129322907435935941e-01;5.164004587258268220e-02;1.590847057672777412e-02;-1.968957904858401609e-01;-8.361628012124852627e-02
4.568000809729291789e-02;9.782465432533951621e-02;3.556332169363475293e-01;-2.024868105533402518e-01;5.027959587584895224e-02;2.613618005446982084e-01;-3.087434825388972182e-01;-1.356267451973113269e-01;1.474248265262436963e-01;-1.513829368281152388e-01;2.133106717307337377e-02;-4.122409683301674899e-01;-5.656669346299065398e-02;-1.673231827751871792e-01;1.466005838618527068e-01;1.139345671442932584e-01;3.963127866677553651e-02;2.704172988102310216e-01;-2.289479184995728556e-01;2.931102157940812525e-01;-3.119148876066074605e-01;-8.493740242090988546e-02;1.937070500653195193e-01;2.323486439170192180e-02
7.065099293208630671e-02;-1.670909298931846365e-01;-1.752311814413909652e-01;7.001137531682052884e-02;9.376907132040435133e-02;2.188376613646220992e-01;-2.000447692549747192e-01;-8.823244892516723947e-02;3.222012202604114806e-01;-1.438597192323844420e-01;-7.666993746347471050e-02;-3.231411549558698137e-01;-5.758726129217667418e-03;-9.009630510007890503e-02;2.882317102212373361e-01;-2.043266456985441126e-01;-1.947439284722601860e-02;8.170935552615504749e-02;4.669230250620469147e-01;-4.083961884942719500e-01;2.418436537171213818e-01;-1.932659799800880845e-02;-2.199902193445595067e-02;8.946995364734430800e-02
-7.097374668862833913e-02;9.477983234366554530e-03;9.679999642236014612e-02;-2.247976005450740694e-02;-1.592839433564875451e-01;-2.541738947019285266e-01;-1.961596280610443666e-01;-1.298830978794977831e-01;4.867008570344992791e-01;-1.221426271627367582e-01;-8.720445437175716047e-03;-9.367566239303118381e-02;-1.646169075686335082e-01;2.260943408650221698e-01;-1.798497689743650818e-01;4.832350652335781760e-02;1.985814344476530546e-01;-1.537355541844213080e-01;-8.197009019303740096e-02;2.565945489846444549e-01;4.441416429256112020e-01;2.267273507038544134e-01;-8.160086448131630144e-02;-2.741756700045567818e-01
-7.047047295975343052e-03;-2.865532242167733584e-02;1.394259861352699081e-01;-1.252864881537182895e-01;1.400306071147246201e-01;2.143339332166954020e-02;-1.656220367656154047e-01;1.094710536304862591e-01;3.654796130250970165e-01;-7.073600022522223002e-03;-1.397513252231504799e-01;3.130802318452857169e-01;3.378993306749885073e-01;2.449698844572130718e-01;1.379586550191949298e-02;-3.059989902820776098e-01;-1.399700736525940348e-01;2.776860771344051159e-04;-4.630392873149555277e-01;-2.684688365102155805e-01;2.732588689056024422e-02;-2.453516381428280935e-01;6.371276273900958187e-02;1.193623443719726840e-01
2.924827605068145986e-01;-1.412741556949678179e-01;2.125989522216991390e-01;-3.083761477468994205e-01;-3.992079251202030887e-01;1.420237462068686951e-01;-4.917021623381981343e-02;2.452689608414467815e-01;1.444293484736174082e-01;3.485324326424699831e-02;-8.640812869331234922e-03;1.505135906549087133e-01;-4.590480169541387434e-02;-5.584476368259191220e-02;-4.806867849573117080e-01;1.947204848017063394e-01;-1.403291814053781450e-01;1.779408860391655522e-01;2.696153553923227864e-01;-2.312273147494874059e-01;-7.755289942540724568e-02;4.793320468456881839e-02;7.175670083478104255e-02;-4.592223034133453147e-02
-2.128550712265496192e-01;-1.143023098696949041e-01;3.378078773051769734e-01;-3.207887058537154945e-01;1.130008376710134738e-01;1.210389431827207374e-01;2.565739685340343024e-01;-1.477660922036486135e-01;1.423953860124478887e-01;9.584628320059380979e-02;1.336386760143102315e-01;9.088192797464847428e-02;6.036328522796052809e-02;-2.337593348292209827e-01;-1.045449870557423472e-01;-3.851380589452694236e-01;1.558095488309199084e-01;-2.252569781579217834e-01;2.447426492688149491e-01;2.019826257294202176e-01;-7.496565789725104234e-02;1.082107674439304959e-02;-3.414211824499742143e-01;1.958952927925345922e-01
-4.047593629071039728e-02;-2.173872348384888464e-01;2.710060645408057106e-02;2.264552654938269960e-01;1.022820197064776412e-03;-1.653784862053384597e-01;2.414355940937451261e-01;-1.336061704226890884e-02;7.364856732203581280e-02;-9.239234173675546849e-03;-3.791406211018146788e-01;-3.213495308236692938e-01;3.703206278173061805e-01;8.324525540811064661e-02;-2.506479246879412259e-01;1.517114732010327038e-01;-1.721176226792599240e-01;2.711020923038676700e-01;8.009816396978834685e-02;2.706580469391431931e-01;6.425476589298736996e-02;-2.601885289298275228e-01;-2.104514563778988601e-01;1.786839140579040419e-01
-1.466041470235233124e-01;1.544250666669977623e-01;-1.056799648625790207e-03;-2.097131077737714872e-02;-5.197338527639652206e-01;-3.859557115647457848e-02;-2.015061137006242120e-01;-1.640090639215583401e-01;6.683472213063798139e-04;-1.714695135459597813e-02;-1.190967366540704869e-01;3.737591083372066025e-01;-7.380461090385224965e-02;-9.834614512221370730e-02;3.798600772591942398e-01;6.387270228607477840e-02;-2.525044112724242340e-01;1.086780991192805995e-01;1.124649148530336012e-01;2.288982031301016462e-01;1.500925398139423828e-01;-1.271993354820016853e-01;-1.157469056478737934e-01;3.236028967420416791e-01
2.113521285494552315e-01;-5.452454777090761651e-01;-2.206028488247196301e-02;2.771885931788975813e-02;6.354663224134106392e-02;-1.640260591304415483e-01;-3.382983165640473522e-01;-3.799649511091484494e-02;-1.526611577862275193e-01;1.233605479268962968e-01;2.493410392013924518e-02;2.104228662245218040e-01;3.463852410229479317e-01;-3.885467602113014118e-01;9.888587355189135120e-02;-4.588302486102649458e-02;1.347796512328617025e-01;7.249425566331822723e-02;-2.986583937133908961e-02;2.044979558437050315e-01;1.148990805573812252e-01;1.533092970521280629e-01;1.085201985152513399e-01;-1.705232759928818065e-01
-1.590935769210841400e-01;2.766083522816272233e-01;-9.049206826036687579e-02;-2.345075508966935063e-01;9.211851062202069951e-02;-1.538778910083343776e-01;-7.529046830148640457e-02;-2.559312204761651777e-01;-2.440065850820848647e-01;-8.360714723585120633e-02;2.240835787201319595e-01;-1.574850081879126951e-02;1.315893086633636855e-01;-9.796110042323620537e-02;-3.119262703927914160e-01;-7.360978575680676705e-02;1.885060600793248831e-01;4.889530749840148016e-01;-5.395747465407037258e-02;-1.895189713898887962e-01;3.519039286794521937e-01;2.281126566763830993e-02;5.187307015685777706e-02;2.110814617632189583e-01
-5.290512485236371909e-02;2.789070309997174202e-02;1.324691615056176885e-01;-1.923010594546762375e-01;3.267821696022608635e-01;-4.220293288626903588e-03;-2.292804924781374210e-01;-3.426474019941226912e-01;-1.097405393699867476e-01;2.573294537747557154e-04;-2.119202330739642648e-01;6.658175330037413575e-02;1.651572513205592785e-01;1.072908620919093836e-01;-6.802299585348395294e-02;5.199413990551750020e-01;-1.288787170238294422e-01;-4.139979806991935796e-01;1.582024107760444664e-01;-1.396121613393784544e-01;1.162826450341048964e-02;1.234363752218527871e-01;5.677295036200250000e-02;1.971163691348107871e-01
-3.836668840287335569e-01;-6.733079861702528923e-02;-4.184351618636943937e-01;-3.496012980341496323e-01;-3.719140742357155555e-02;1.088451187190257879e-01;-1.228935091694886711e-01;1.758743264928422090e-01;-1.643156186532506455e-03;-4.907890128533107590e-03;-1.495701746833012213e-01;6.032735511616362997e-03;1.934928128381286638e-01;3.595918219288305462e-01;8.859987828704778134e-03;-1.155748078408328910e-01;7.680121817665631900e-02;1.152603467182609642e-01;2.170940636504840038e-01;2.459910207588774933e-01;-2.513230987808637851e-01;2.478352586514296629e-01;1.892908953464513266e-01;-4.283141986458176287e-02
1.709340693290606061e-01;2.132296867041562349e-01;-5.923282339399987134e-02;-9.979482588651453212e-02;3.991006878062052787e-01;-2.002799671848029817e-01;7.287953299616069247e-02;-1.514642337574627906e-01;1.196489096939270247e-01;-4.307985901662375605e-02;-1.987958462801792947e-01;2.658683794245179643e-01;-2.288245141324662946e-01;-1.012056577627043902e-01;-7.394679179559322801e-02;-1.695042921386291368e-01;-2.709159371433255137e-01;1.490904715480107778e-01;2.981627913664167129e-01;2.293064269879160622e-01;-1.653396840297801512e-02;-2.439650355020439310e-01;2.545132683726994971e-01;-3.151904718317476983e-01
-1.538491786046367743e-02;-1.193378310625256289e-01;2.733814685812870904e-01;8.315494162211499451e-02;-2.511244109257430579e-01;7.152859079772723450e-02;-9.554270193198058370e-03;-1.994268786979192243e-01;-2.929470651012602289e-01;7.989552623681962784e-02;-9.363333850571303740e-02;-4.629698546004167720e-02;-5.789385187469066286e-04;3.143380548144983910e-01;-2.338547742511926791e-02;-1.906839162610425020e-01;3.450299067972855682e-01;-1.492147772274633188e-01;1.843542027677282646e-01;-1.167195040970121084e-02;1.085867589822527568e-01;-4.255287840013688427e-01;4.300184167911457744e-01;-6.151832574055361019e-02
5.770173404830556407e-01;4.006186789632656398e-01;-8.118401200854706568e-02;2.132273115903583760e-02;-9.747432448294436613e-02;1.036566695057602669e-02;-2.302882017646628310e-01;-2.730230453646539327e-03;-1.784993590464803714e-01;-3.167860465420018617e-02;-1.873888974684967401e-01;-1.308243729387761900e-01;2.004842794759651436e-01;9.644972722315536817e-02;-1.238070379821305522e-01;-3.557364752093205573e-01;4.610649847977946192e-02;-1.882573256496251068e-01;5.126208239042247261e-02;1.585307056950138460e-01;-6.739865522222561467e-02;1.745693376132851082e-01;-2.012598078715428507e-01;1.398002563190433867e-01
-1.429978014814116127e-01;-1.177172002372661036e-01;2.431575023938094826e-01;2.218018879106705976e-01;2.905803127070307190e-01;-4.621008049331535444e-02;-4.831642900129105578e-01;3.390018044852259882e-01;-2.176484613288687531e-01;-8.592467858180823093e-02;6.586542273175614859e-02;1.154898013794465467e-01;-3.101867797695143092e-01;2.369698636319894913e-01;-1.179231587044026058e-01;-5.067091193939895349e-02;2.252236470332094967e-02;1.550805259973893346e-01;1.688905721548954741e-01;5.701408681251578237e-02;-3.881872111699856409e-02;-9.262221106354635858e-02;-3.209106944584693699e-01;1.084208442798601096e-01
-3.980383497397603776e-01;3.928021793215576984e-01;1.355225498593760070e-01;2.421800809657774223e-01;-5.284845583726857643e-02;2.020550436129431304e-01;-1.675369021037513284e-01;2.921297713880521840e-01;-1.955592721372772375e-02;1.653963190852035525e-02;-1.147603637182429137e-01;-3.038878853136608646e-02;3.216396264443220354e-01;-3.827084553771303299e-01;-1.450375860587607979e-01;-1.272756427773887727e-02;-6.354292489690827050e-02;-1.665397413145820738e-01;1.055122567350562229e-01;-2.138983630163717939e-02;1.381110428639544252e-01;-3.970796180352995780e-02;7.972409113489929700e-02;-3.114334170600541740e-01
